
Исходный текст: Николай Евграфович Алмазов едва дождался, пока жена отворила ему двери, и, не снимая пальто, в фуражке прошел в свой кабинет. Жена, как только увидела его насупившееся лицо со сдвинутыми бровями и нервно закушенной нижней губой, в ту же минуту поняла, что произошло очень большое несчастие... Она молча пошла следом за мужем. В кабинете Алмазов простоял с минуту на одном месте, глядя куда-то в угол. Потом он выпустил из рук портфель, который упал на пол и раскрылся, а сам бросился в кресло, злобно хрустнув сложенными вместе пальцами...

Длина текста: 539 символов

Параметры LCG: a=1664525, b=1013904223, m=2147483647, seed=1798828722


ПРОЦЕСС ШИФРОВАНИЯ:


Текст в байтах (UTF-8): [208, 157, 208, 184, 208, 186, 208, 190, 208, 187, 208, 176, 208, 185, 32, 208, 149, 208, 178, 208, 179, 209, 128, 208, 176, 209, 132, 208, 190, 208, 178, 208, 184, 209, 135, 32, 208, 144, 208, 187, 208, 188, 208, 176, 208, 183, 208, 190, 208, 178, 32, 208, 181, 208, 180, 208, 178, 208, 176, 32, 208, 180, 208, 190, 208, 182, 208, 180, 208, 176, 208, 187, 209, 129, 209, 143, 44, 32, 208, 191, 208, 190, 208, 186, 208, 176, 32, 208, 182, 208, 181, 208, 189, 208, 176, 32, 208, 190, 209, 130, 208, 178, 208, 190, 209, 128, 208, 184, 208, 187, 208, 176, 32, 208, 181, 208, 188, 209, 131, 32, 208, 180, 208, 178, 208, 181, 209, 128, 208, 184, 44, 32, 208, 184, 44, 32, 208, 189, 208, 181, 32, 209, 129, 208, 189, 208, 184, 208, 188, 208, 176, 209, 143, 32, 208, 191, 208, 176, 208, 187, 209, 140, 209, 130, 208, 190, 44, 32, 208, 178, 32, 209, 132, 209, 131, 209, 128, 208, 176, 208, 182, 208, 186, 208, 181, 32, 208, 191, 209, 128, 208, 190, 209, 136, 208, 181, 208, 187, 32, 208, 178, 32, 209, 129, 208, 178, 208, 190, 208, 185, 32, 208, 186, 208, 176, 208, 177, 208, 184, 208, 189, 208, 181, 209, 130, 46, 32, 208, 150, 208, 181, 208, 189, 208, 176, 44, 32, 208, 186, 208, 176, 208, 186, 32, 209, 130, 208, 190, 208, 187, 209, 140, 208, 186, 208, 190, 32, 209, 131, 208, 178, 208, 184, 208, 180, 208, 181, 208, 187, 208, 176, 32, 208, 181, 208, 179, 208, 190, 32, 208, 189, 208, 176, 209, 129, 209, 131, 208, 191, 208, 184, 208, 178, 209, 136, 208, 181, 208, 181, 209, 129, 209, 143, 32, 208, 187, 208, 184, 209, 134, 208, 190, 32, 209, 129, 208, 190, 32, 209, 129, 208, 180, 208, 178, 208, 184, 208, 189, 209, 131, 209, 130, 209, 139, 208, 188, 208, 184, 32, 208, 177, 209, 128, 208, 190, 208, 178, 209, 143, 208, 188, 208, 184, 32, 208, 184, 32, 208, 189, 208, 181, 209, 128, 208, 178, 208, 189, 208, 190, 32, 208, 183, 208, 176, 208, 186, 209, 131, 209, 136, 208, 181, 208, 189, 208, 189, 208, 190, 208, 185, 32, 208, 189, 208, 184, 208, 182, 208, 189, 208, 181, 208, 185, 32, 208, 179, 209, 131, 208, 177, 208, 190, 208, 185, 44, 32, 208, 178, 32, 209, 130, 209, 131, 32, 208, 182, 208, 181, 32, 208, 188, 208, 184, 208, 189, 209, 131, 209, 130, 209, 131, 32, 208, 191, 208, 190, 208, 189, 209, 143, 208, 187, 208, 176, 44, 32, 209, 135, 209, 130, 208, 190, 32, 208, 191, 209, 128, 208, 190, 208, 184, 208, 183, 208, 190, 209, 136, 208, 187, 208, 190, 32, 208, 190, 209, 135, 208, 181, 208, 189, 209, 140, 32, 208, 177, 208, 190, 208, 187, 209, 140, 209, 136, 208, 190, 208, 181, 32, 208, 189, 208, 181, 209, 129, 209, 135, 208, 176, 209, 129, 209, 130, 208, 184, 208, 181, 46, 46, 46, 32, 208, 158, 208, 189, 208, 176, 32, 208, 188, 208, 190, 208, 187, 209, 135, 208, 176, 32, 208, 191, 208, 190, 209, 136, 208, 187, 208, 176, 32, 209, 129, 208, 187, 208, 181, 208, 180, 208, 190, 208, 188, 32, 208, 183, 208, 176, 32, 208, 188, 209, 131, 208, 182, 208, 181, 208, 188, 46, 32, 208, 146, 32, 208, 186, 208, 176, 208, 177, 208, 184, 208, 189, 208, 181, 209, 130, 208, 181, 32, 208, 144, 208, 187, 208, 188, 208, 176, 208, 183, 208, 190, 208, 178, 32, 208, 191, 209, 128, 208, 190, 209, 129, 209, 130, 208, 190, 209, 143, 208, 187, 32, 209, 129, 32, 208, 188, 208, 184, 208, 189, 209, 131, 209, 130, 209, 131, 32, 208, 189, 208, 176, 32, 208, 190, 208, 180, 208, 189, 208, 190, 208, 188, 32, 208, 188, 208, 181, 209, 129, 209, 130, 208, 181, 44, 32, 208, 179, 208, 187, 209, 143, 208, 180, 209, 143, 32, 208, 186, 209, 131, 208, 180, 208, 176, 45, 209, 130, 208, 190, 32, 208, 178, 32, 209, 131, 208, 179, 208, 190, 208, 187, 46, 32, 208, 159, 208, 190, 209, 130, 208, 190, 208, 188, 32, 208, 190, 208, 189, 32, 208, 178, 209, 139, 208, 191, 209, 131, 209, 129, 209, 130, 208, 184, 208, 187, 32, 208, 184, 208, 183, 32, 209, 128, 209, 131, 208, 186, 32, 208, 191, 208, 190, 209, 128, 209, 130, 209, 132, 208, 181, 208, 187, 209, 140, 44, 32, 208, 186, 208, 190, 209, 130, 208, 190, 209, 128, 209, 139, 208, 185, 32, 209, 131, 208, 191, 208, 176, 208, 187, 32, 208, 189, 208, 176, 32, 208, 191, 208, 190, 208, 187, 32, 208, 184, 32, 209, 128, 208, 176, 209, 129, 208, 186, 209, 128, 209, 139, 208, 187, 209, 129, 209, 143, 44, 32, 208, 176, 32, 209, 129, 208, 176, 208, 188, 32, 208, 177, 209, 128, 208, 190, 209, 129, 208, 184, 208, 187, 209, 129, 209, 143, 32, 208, 178, 32, 208, 186, 209, 128, 208, 181, 209, 129, 208, 187, 208, 190, 44, 32, 208, 183, 208, 187, 208, 190, 208, 177, 208, 189, 208, 190, 32, 209, 133, 209, 128, 209, 131, 209, 129, 209, 130, 208, 189, 209, 131, 208, 178, 32, 209, 129, 208, 187, 208, 190, 208, 182, 208, 181, 208, 189, 208, 189, 209, 139, 208, 188, 208, 184, 32, 208, 178, 208, 188, 208, 181, 209, 129, 209, 130, 208, 181, 32, 208, 191, 208, 176, 208, 187, 209, 140, 209, 134, 208, 176, 208, 188, 208, 184, 46, 46, 46]...

Гамма шифра: [210, 120, 112, 44, 111, 147, 211, 26, 184, 252, 199, 75, 49, 34, 79, 114, 115, 228, 242, 104, 83, 50, 26, 39, 225, 85, 243, 18, 111, 184, 254, 9, 186, 134, 179, 62, 223, 87, 113, 27, 182, 181, 255, 94, 76, 139, 170, 48, 87, 246, 13, 67, 250, 109, 215, 66, 111, 104, 168, 52, 226, 237, 121, 53, 76, 176, 132, 67, 250, 148, 227, 63, 116, 205, 207, 52, 244, 20, 55, 71, 76, 93, 118, 88, 225, 133, 27, 0, 66, 107, 37, 72, 141, 2, 146, 72, 232, 168, 176, 88, 94, 144, 109, 31, 154, 248, 184, 21, 163, 62, 239, 80, 231, 34, 133, 73, 184, 89, 183, 108, 52, 100, 139, 18, 6, 112, 135, 0, 141, 34, 136, 42, 8, 83, 234, 2, 222, 238, 50, 91, 77, 161, 241, 124, 23, 157, 150, 27, 243, 144, 240, 124, 79, 236, 58, 22, 157, 214, 79, 107, 126, 178, 105, 116, 58, 81, 80, 49, 82, 248, 147, 44, 250, 19, 238, 52, 196, 19, 240, 59, 0, 241, 175, 93, 110, 199, 118, 33, 214, 139, 177, 60, 78, 92, 28, 55, 207, 166, 79, 89, 165, 158, 57, 76, 199, 223, 189, 14, 80, 135, 174, 125, 185, 162, 30, 95, 150, 204, 246, 41, 166, 110, 41, 46, 178, 222, 222, 100, 92, 50, 241, 103, 6, 202, 207, 8, 73, 89, 18, 52, 45, 231, 27, 105, 232, 121, 111, 68, 125, 40, 96, 8, 45, 121, 169, 109, 48, 203, 204, 41, 34, 176, 130, 76, 159, 159, 160, 100, 11, 96, 203, 110, 252, 49, 48, 70, 138, 210, 117, 98, 228, 41, 219, 61, 18, 50, 145, 74, 24, 118, 146, 67, 18, 235, 81, 14, 180, 230, 5, 15, 164, 93, 62, 97, 105, 88, 0, 43, 14, 207, 246, 48, 83, 194, 222, 71, 101, 38, 85, 30, 80, 41, 241, 115, 249, 237, 10, 63, 106, 193, 43, 8, 208, 160, 19, 121, 76, 4, 233, 104, 98, 68, 123, 83, 251, 8, 147, 68, 130, 5, 11, 46, 214, 41, 235, 0, 231, 133, 241, 16, 200, 38, 159, 103, 58, 43, 148, 50, 149, 74, 226, 15, 204, 65, 52, 125, 194, 106, 82, 87, 240, 254, 42, 111, 150, 148, 183, 104, 85, 10, 176, 53, 224, 254, 212, 28, 85, 221, 178, 116, 170, 54, 24, 11, 148, 169, 13, 73, 204, 6, 52, 115, 189, 111, 203, 122, 154, 75, 214, 112, 2, 138, 144, 59, 49, 147, 0, 84, 242, 157, 245, 26, 32, 190, 125, 100, 173, 75, 198, 1, 77, 19, 141, 57, 184, 7, 218, 64, 1, 134, 153, 39, 251, 2, 192, 0, 56, 66, 226, 17, 170, 44, 202, 66, 190, 52, 38, 11, 95, 139, 243, 44, 154, 204, 164, 42, 97, 41, 101, 11, 36, 246, 137, 41, 67, 9, 15, 90, 131, 252, 127, 52, 225, 98, 96, 14, 22, 121, 181, 6, 72, 50, 12, 53, 180, 183, 40, 51, 64, 38, 80, 127, 199, 167, 23, 95, 233, 160, 253, 95, 69, 1, 65, 97, 28, 206, 13, 51, 49, 180, 7, 117, 171, 216, 126, 88, 98, 165, 248, 109, 151, 55, 156, 10, 2, 11, 69, 114, 16, 251, 155, 31, 218, 88, 249, 1, 183, 182, 201, 92, 10, 142, 107, 41, 233, 93, 127, 16, 59, 212, 21, 126, 40, 65, 246, 15, 58, 93, 209, 6, 165, 37, 225, 26, 39, 240, 255, 123, 51, 74, 5, 118, 23, 117, 86, 21, 112, 75, 189, 51, 72, 172, 20, 39, 57, 36, 48, 72, 57, 211, 238, 30, 147, 134, 79, 23, 244, 250, 118, 63, 153, 129, 87, 95, 63, 105, 135, 25, 95, 118, 106, 67, 189, 48, 85, 35, 199, 189, 169, 59, 50, 183, 37, 110, 24, 8, 79, 63, 128, 124, 16, 59, 46, 254, 107, 118, 55, 175, 198, 25, 133, 224, 185, 81, 150, 143, 97, 95, 22, 239, 81, 121, 55, 238, 24, 100, 215, 210, 15, 4, 158, 32, 62, 86, 74, 172, 20, 14, 101, 250, 93, 3, 138, 147, 214, 77, 89, 223, 166, 23, 87, 114, 155, 60, 120, 114, 109, 106, 177, 177, 102, 109, 164, 52, 209, 15, 44, 27, 15, 9, 199, 168, 84, 94, 56, 135, 124, 61, 143, 84, 38, 46, 234, 96, 18, 28, 57, 173, 218, 114, 140, 63, 54, 29, 94, 193, 51, 10, 99, 63, 75, 66, 243, 196, 58, 70, 46, 181, 172, 115, 170, 110, 249, 29, 158, 64, 209, 114, 206, 247, 82, 64, 82, 96, 140, 66, 2, 184, 255, 115, 230, 27, 5, 124, 237, 157, 93, 75, 199, 90, 80, 73, 159, 101, 44, 87, 158, 194, 197, 70, 114, 212, 128, 33, 9, 207, 199, 3, 222, 204, 243, 65, 216, 228, 43, 59, 23, 96, 251, 19, 145, 245, 190, 74, 160, 6, 49, 25, 40, 9, 53, 50, 202, 80, 184, 79, 48, 91, 197, 28, 75, 106, 127, 60, 76, 60, 160, 116, 130, 111, 27, 100, 37, 70, 7, 36, 101, 103, 100, 80, 52, 101, 167, 107, 137, 43, 107, 72, 255, 29, 168, 93, 211, 168, 229, 103, 199, 53, 12, 1, 178, 45, 234, 103, 255, 207, 254, 71, 125, 102, 52, 59, 40, 181, 46, 33, 251, 171, 234, 56, 84, 252, 109, 108, 145, 191, 215, 52, 1, 240, 234, 22, 148, 21, 27, 114, 38, 168, 242, 109, 90, 114, 140, 108, 234, 39, 0, 96, 211, 66, 69, 18, 46, 10, 50, 73, 214, 81, 148, 98, 205, 238, 139, 84, 133, 136, 197, 26, 13, 48, 222, 33, 110, 74, 40, 45, 212, 132, 233, 89, 110, 1, 253, 80, 241, 235, 167, 75, 186, 247, 143, 6]...

Зашифрованный текст в байтах: [2, 229, 160, 148, 191, 41, 3, 164, 104, 71, 23, 251, 225, 155, 111, 162, 230, 52, 64, 184, 224, 227, 154, 247, 81, 132, 119, 194, 209, 104, 76, 217, 2, 87, 52, 30, 15, 199, 161, 160, 102, 9, 47, 238, 156, 60, 122, 142, 135, 68, 45, 147, 79, 189, 99, 146, 221, 184, 24, 20, 50, 89, 169, 139, 156, 6, 84, 247, 42, 36, 51, 132, 165, 76, 30, 187, 216, 52, 231, 248, 156, 227, 166, 226, 49, 53, 59, 208, 244, 187, 144, 152, 48, 210, 34, 104, 56, 22, 97, 218, 142, 34, 189, 161, 75, 120, 104, 173, 115, 133, 63, 224, 199, 242, 48, 153, 4, 136, 52, 76, 228, 208, 91, 160, 214, 197, 86, 128, 93, 154, 164, 10, 216, 235, 198, 34, 14, 83, 226, 238, 109, 112, 112, 172, 170, 77, 46, 203, 79, 64, 64, 173, 192, 204, 234, 169, 77, 102, 159, 208, 175, 62, 184, 246, 234, 239, 124, 17, 130, 74, 179, 253, 126, 194, 109, 229, 68, 195, 64, 235, 182, 33, 21, 141, 219, 231, 166, 158, 7, 11, 97, 130, 159, 212, 204, 130, 31, 29, 111, 137, 23, 190, 232, 205, 23, 109, 109, 176, 128, 62, 142, 173, 3, 114, 174, 143, 39, 28, 78, 249, 27, 190, 156, 255, 48, 240, 254, 180, 202, 226, 68, 183, 187, 26, 127, 36, 105, 137, 168, 228, 157, 55, 161, 73, 57, 251, 191, 250, 173, 147, 177, 132, 253, 195, 121, 211, 16, 26, 79, 249, 144, 96, 58, 156, 43, 79, 21, 180, 176, 176, 123, 78, 44, 132, 224, 245, 90, 108, 85, 178, 89, 249, 107, 236, 147, 227, 18, 154, 167, 166, 42, 147, 160, 58, 217, 222, 1, 54, 176, 222, 37, 140, 177, 65, 185, 227, 208, 147, 223, 73, 38, 142, 115, 19, 95, 151, 219, 6, 132, 159, 128, 157, 33, 193, 41, 85, 218, 130, 187, 66, 250, 138, 1, 43, 195, 197, 156, 188, 201, 184, 211, 149, 251, 131, 69, 216, 33, 149, 13, 213, 183, 254, 110, 9, 59, 184, 199, 85, 76, 192, 125, 247, 31, 183, 136, 251, 41, 226, 43, 106, 50, 184, 28, 241, 228, 199, 19, 233, 131, 223, 32, 75, 250, 210, 70, 41, 103, 214, 133, 179, 144, 229, 93, 46, 108, 204, 227, 13, 15, 164, 31, 230, 161, 43, 68, 26, 220, 202, 28, 183, 228, 205, 109, 214, 231, 90, 74, 249, 246, 161, 128, 91, 19, 27, 225, 37, 208, 225, 210, 77, 73, 202, 152, 110, 192, 181, 46, 154, 68, 208, 206, 51, 93, 134, 104, 185, 10, 253, 208, 9, 73, 156, 43, 178, 236, 32, 233, 197, 51, 147, 122, 146, 234, 146, 1, 229, 166, 219, 225, 91, 75, 252, 45, 28, 26, 251, 233, 249, 222, 219, 154, 214, 89, 151, 146, 142, 223, 239, 83, 65, 174, 184, 193, 178, 209, 222, 168, 169, 14, 215, 196, 227, 132, 229, 10, 103, 157, 19, 144, 155, 128, 202, 22, 38, 198, 216, 57, 16, 44, 222, 148, 131, 145, 217, 204, 123, 35, 29, 31, 148, 215, 235, 123, 101, 174, 232, 66, 117, 68, 189, 41, 231, 39, 219, 133, 219, 245, 82, 192, 68, 75, 161, 11, 208, 41, 186, 103, 6, 233, 141, 139, 94, 208, 249, 92, 141, 203, 192, 133, 4, 169, 94, 248, 246, 38, 191, 26, 141, 109, 215, 38, 245, 87, 202, 146, 32, 67, 85, 19, 154, 151, 86, 199, 207, 134, 165, 160, 250, 109, 139, 152, 17, 196, 146, 232, 166, 224, 253, 25, 3, 126, 206, 40, 86, 243, 199, 68, 42, 193, 239, 39, 81, 229, 127, 239, 214, 86, 153, 143, 200, 187, 194, 108, 178, 133, 157, 22, 50, 121, 128, 18, 102, 164, 78, 200, 180, 159, 135, 80, 193, 193, 184, 255, 124, 186, 245, 23, 127, 123, 201, 53, 192, 105, 239, 70, 59, 177, 226, 198, 81, 129, 197, 23, 62, 164, 180, 98, 3, 142, 213, 28, 240, 139, 122, 106, 124, 167, 222, 222, 43, 210, 211, 62, 66, 89, 109, 137, 101, 119, 148, 135, 198, 75, 140, 85, 163, 239, 186, 15, 145, 182, 223, 132, 229, 82, 223, 159, 203, 177, 217, 124, 134, 116, 142, 167, 87, 194, 236, 13, 132, 152, 254, 86, 64, 194, 162, 233, 16, 250, 162, 62, 238, 189, 205, 225, 16, 176, 219, 226, 238, 201, 146, 75, 20, 129, 102, 254, 13, 124, 196, 138, 191, 121, 204, 29, 144, 107, 82, 30, 72, 130, 254, 131, 224, 93, 192, 211, 60, 47, 198, 54, 160, 212, 240, 193, 189, 141, 241, 23, 228, 129, 203, 79, 219, 253, 215, 79, 73, 21, 255, 82, 5, 3, 241, 182, 31, 119, 211, 101, 236, 35, 252, 8, 84, 11, 235, 168, 176, 69, 195, 42, 213, 110, 242, 128, 215, 177, 201, 152, 216, 180, 226, 112, 129, 56, 158, 187, 139, 126, 205, 202, 187, 240, 16, 108, 236, 16, 84, 83, 238, 203, 212, 245, 250, 39, 244, 212, 182, 228, 128, 138, 180, 38, 187, 49, 251, 208, 153, 126, 204, 39, 125, 3, 26, 197, 183, 125, 228, 140, 209, 7, 252, 107, 183, 68, 31, 64, 107, 93, 182, 131, 235, 147, 101, 144, 241, 74, 123, 87, 232, 234, 220, 188, 233, 64, 63, 6, 183, 208, 113, 59, 148, 68, 168, 202, 241, 246, 26, 210, 188, 219, 162, 55, 188, 84, 247, 182, 176, 102, 146, 248, 194, 147, 219, 185, 153, 106, 129, 44, 66, 29, 92, 91, 232, 85, 61, 20, 155, 220, 178, 14, 148, 78, 154, 151, 253, 100, 84, 82, 136, 226, 208, 123, 128, 65, 59, 27, 155, 2, 217, 161, 40]...


ПРОЦЕСС ДЕШИФРОВАНИЯ:


Расшифрованный текст: Николай Евграфович Алмазов едва дождался, пока жена отворила ему двери, и, не снимая пальто, в фуражке прошел в свой кабинет. Жена, как только увидела его насупившееся лицо со сдвинутыми бровями и нервно закушенной нижней губой, в ту же минуту поняла, что произошло очень большое несчастие... Она молча пошла следом за мужем. В кабинете Алмазов простоял с минуту на одном месте, глядя куда-то в угол. Потом он выпустил из рук портфель, который упал на пол и раскрылся, а сам бросился в кресло, злобно хрустнув сложенными вместе пальцами...


РЕЗУЛЬТАТ:


Исходный текст совпадает с расшифрованным: Да

Тексты совпадают: Да